0.10000000000000001 1
0.20000000000000001 1
0.30000000000000004 1
0.40000000000000002 1
0.5 1
0.59999999999999998 2
0.69999999999999996 2
0.79999999999999993 2
0.89999999999999991 2
0.99999999999999989 2
1.0999999999999999 4
1.2 4
1.3 4
1.4000000000000001 4
1.5000000000000002 7
1.6000000000000003 8
1.7000000000000004 8
1.8000000000000005 8
1.9000000000000006 8
2.0000000000000004 13
2.1000000000000005 16
2.2000000000000006 16
2.3000000000000007 16
2.4000000000000008 17
2.5000000000000009 23
2.600000000000001 30
2.7000000000000011 32
2.8000000000000012 32
2.9000000000000012 36
3.0000000000000013 42
3.1000000000000014 48
3.2000000000000015 25.5
3.3000000000000016 25.5
3.4000000000000017 25.5
3.5000000000000018 25.5
3.6000000000000019 25.5
3.700000000000002 25.5
3.800000000000002 25.5392
3.9000000000000021 25.5392
4.0000000000000018 25.5392
4.1000000000000014 25.5392
4.2000000000000011 25.5392
4.3000000000000007 25.5392
4.4000000000000004 25.5392
4.5 25.5392
4.5999999999999996 1
4.6999999999999993 1
4.7999999999999989 1
4.8999999999999986 1
4.9999999999999982 2
5.0999999999999979 2
5.1999999999999975 2
5.2999999999999972 2
5.3999999999999968 2
5.4999999999999964 3
5.5999999999999961 3
5.6999999999999957 3
5.7999999999999954 3
5.899999999999995 3
5.9999999999999947 5
6.0999999999999943 5
6.199999999999994 5
6.2999999999999936 5
6.3999999999999932 7
6.4999999999999929 7
6.5999999999999925 7
6.6999999999999922 7
6.7999999999999918 7
6.8999999999999915 8
6.9999999999999911 11
7.0999999999999908 12
7.1999999999999904 12
7.2999999999999901 12
7.3999999999999897 12.1661
7.4999999999999893 12.411
7.599999999999989 12.411
7.6999999999999886 12.411
7.7999999999999883 12.411
7.8999999999999879 12.411
7.9999999999999876 12.8869
8.0999999999999872 13.4206
8.1999999999999869 13.4951
8.2999999999999865 13.4951
8.3999999999999861 13.4951
8.4999999999999858 14.0055
8.5999999999999854 14.4286
8.6999999999999851 14.4286
8.7999999999999847 14.4286
8.8999999999999844 14.6355
8.999999999999984 15.0408
9.0999999999999837 15.3704
9.1999999999999833 15.3704
9.2999999999999829 15.3704
9.3999999999999826 15.693
9.4999999999999822 16.0715
9.5999999999999819 16.319
9.6999999999999815 16.319
9.7999999999999812 16.3802
9.8999999999999808 16.8029
9.9999999999999805 17.1569
10.09999999999998 17.2732
10.19999999999998 17.2732
10.299999999999979 17.5037
10.399999999999979 17.8437
10.499999999999979 18.1774
10.599999999999978 18.2324
10.699999999999978 18.2324
10.799999999999978 18.559
10.899999999999977 18.88
10.999999999999977 19.1956
11.099999999999977 19.1956
11.199999999999976 19.2996
11.299999999999976 19.6085
11.399999999999975 19.9627
11.499999999999975 20.1623
11.599999999999975 20.1623
11.699999999999974 20.4091
11.799999999999974 20.7014
11.899999999999974 20.9895
11.999999999999973 21.1321
12.099999999999973 21.1795
12.199999999999973 21.4612
12.299999999999972 21.7393
12.399999999999972 22.0592
12.499999999999972 22.1046
12.599999999999971 22.24
12.699999999999971 22.5084
12.799999999999971 22.8176
12.89999999999997 23.0793
12.99999999999997 23.0793
13.099999999999969 23.2952
13.199999999999969 23.594
13.299999999999969 23.8472
13.399999999999968 24.0561
13.499999999999968 24.1392
13.599999999999968 24.3867
13.699999999999967 24.6317
13.799999999999967 24.9145
13.899999999999967 25.0347
13.999999999999966 25.1941
14.099999999999966 25.4313
14.199999999999966 25.7053
14.299999999999965 25.9379
14.399999999999965 26.0149
14.499999999999964 26.2447
14.599999999999964 26.5103
14.699999999999964 26.7358
14.799999999999963 26.9594
14.899999999999963 27.0706
14.999999999999963 27.3281
15.099999999999962 27.5469
15.199999999999962 27.764
15.299999999999962 27.9436
15.399999999999961 28.1221
15.499999999999961 28.3348
15.599999999999961 28.5809
15.69999999999996 28.7902
15.79999999999996 28.9289
15.899999999999959 29.1357
15.999999999999959 29.3751
16.099999999999959 29.5788
16.19999999999996 29.781
16.299999999999962 29.9486
16.399999999999963 30.1815
16.499999999999964 30.3798
16.599999999999966 30.5767
16.699999999999967 30.8049
16.799999999999969 30.9992
16.89999999999997 31.1923
16.999999999999972 31.3841
17.099999999999973 31.6065
17.199999999999974 31.7958
17.299999999999976 31.9841
17.399999999999977 32.2023
17.499999999999979 32.3882
17.59999999999998 32.573
17.699999999999982 32.7873
17.799999999999983 32.9699
17.899999999999984 33.1514
17.999999999999986 33.362
18.099999999999987 33.5415
18.199999999999989 33.7199
18.29999999999999 33.927
18.399999999999991 34.1035
18.499999999999993 34.279
18.599999999999994 34.4827
18.699999999999996 34.6563
18.799999999999997 34.8291
18.899999999999999 35.0296
19 35.2005
19.100000000000001 35.3706
19.200000000000003 35.5681
19.300000000000004 35.7364
19.400000000000006 35.904
19.500000000000007 36.0985
19.600000000000009 36.2644
19.70000000000001 36.4295
19.800000000000011 36.6213
19.900000000000013 36.7848
20.000000000000014 36.9476
20.100000000000016 37.1367
20.200000000000017 37.2979
20.300000000000018 37.4585
20.40000000000002 37.645
20.500000000000021 37.8041
20.600000000000023 37.9625
20.700000000000024 38.1465
20.800000000000026 38.3036
20.900000000000027 38.4599
21.000000000000028 38.6416
21.10000000000003 38.7966
21.200000000000031 38.951
21.300000000000033 39.1303
21.400000000000034 39.2834
21.500000000000036 39.4359
21.600000000000037 39.6131
21.700000000000038 39.7643
21.80000000000004 39.915
21.900000000000041 19.9825
22.000000000000043 19.9825
22.100000000000044 19.9825
22.200000000000045 19.9825
22.300000000000047 19.9825
22.400000000000048 19.9825
22.50000000000005 20.0326
22.600000000000051 20.0326
22.700000000000053 20.2315
22.800000000000054 20.575
22.900000000000055 20.8649
23.000000000000057 21.0084
23.100000000000058 21.0084
23.20000000000006 21.3393
23.300000000000061 21.619
23.400000000000063 21.895
23.500000000000064 21.9863
23.600000000000065 22.1225
23.700000000000067 22.3923
23.800000000000068 22.6589
23.90000000000007 22.9224
24.000000000000071 22.9224
24.100000000000072 23.1397
24.200000000000074 23.3978
24.300000000000075 23.6954
24.400000000000077 23.8638
24.500000000000078 23.9057
24.60000000000008 24.197
24.700000000000081 24.4439
24.800000000000082 24.6883
24.900000000000084 24.8096
25.000000000000085 24.9705
25.100000000000087 25.2098
25.200000000000088 25.4469
25.30000000000009 25.7207
25.400000000000091 25.7596
25.500000000000092 25.9916
25.600000000000094 26.2216
25.700000000000095 26.4874
25.800000000000097 26.7131
25.900000000000098 26.788
26.000000000000099 27.0112
26.100000000000101 27.2693
26.200000000000102 27.4885
26.300000000000104 27.67
26.400000000000105 27.8502
26.500000000000107 28.0649
26.600000000000108 28.2781
26.700000000000109 28.5247
26.800000000000111 28.6647
26.900000000000112 28.8733
27.000000000000114 29.0805
27.100000000000115 29.3204
27.200000000000117 29.5244
27.300000000000118 29.6934
27.400000000000119 29.8949
27.500000000000121 30.1283
27.600000000000122 30.3269
27.700000000000124 30.5242
27.800000000000125 30.7202
27.900000000000126 30.9474
28.000000000000128 31.1407
28.100000000000129 31.3329
28.200000000000131 31.5556
28.300000000000132 31.7453
28.400000000000134 31.9338
28.500000000000135 32.1524
28.600000000000136 32.3386
28.700000000000138 32.5237
28.800000000000139 32.7383
28.900000000000141 32.9211
29.000000000000142 33.103
29.100000000000144 33.3139
29.200000000000145 33.4936
29.300000000000146 33.6723
29.400000000000148 33.8796
29.500000000000149 34.0563
29.600000000000151 34.2321
29.700000000000152 34.4361
29.800000000000153 34.61
29.900000000000155 34.783
30.000000000000156 34.9837
30.100000000000158 35.1549
30.200000000000159 35.3252
30.300000000000161 35.5229
30.400000000000162 35.6915
30.500000000000163 35.8593
30.600000000000165 36.054
30.700000000000166 36.2201
30.800000000000168 36.3854
30.900000000000169 36.5774
31.000000000000171 36.7411
31.100000000000172 36.9041
31.200000000000173 37.0934
31.300000000000175 37.2549
31.400000000000176 37.4156
31.500000000000178 37.6023
31.600000000000179 37.7616
31.70000000000018 37.9202
31.800000000000182 38.1044
31.900000000000183 38.2616
32.000000000000185 38.4182
32.100000000000186 38.6
32.200000000000188 38.7552
32.300000000000189 38.9097
32.40000000000019 39.0893
32.500000000000192 39.2425
32.600000000000193 39.3952
32.700000000000195 39.5725
32.800000000000196 39.7239
32.900000000000198 39.8747
33.000000000000199 19.9875
33.1000000000002 19.9875
33.200000000000202 19.9875
33.300000000000203 19.9875
33.400000000000205 19.9875
33.500000000000206 19.9875
33.600000000000207 20.0375
33.700000000000209 20.0375
33.80000000000021 20.1372
33.900000000000212 20.4823
34.000000000000213 20.7735
34.100000000000215 21.0131
34.200000000000216 21.0131
34.300000000000217 21.2499
34.400000000000219 21.5308
34.50000000000022 21.8079
34.600000000000222 21.9908
34.700000000000223 22.0363
34.800000000000225 22.3071
34.900000000000226 22.5748
35.000000000000227 22.8831
35.100000000000229 22.9268
35.20000000000023 23.0574
35.300000000000232 23.3164
35.400000000000233 23.6149
35.500000000000234 23.8679
35.600000000000236 23.8679
35.700000000000237 24.1182
35.800000000000239 24.3659
35.90000000000024 24.6111
36.000000000000242 24.8136
36.100000000000243 24.8941
36.200000000000244 25.1342
36.300000000000246 25.372
36.400000000000247 25.6466
36.500000000000249 25.7634
36.60000000000025 25.9183
36.700000000000252 26.149
36.800000000000253 26.4155
36.900000000000254 26.6418
37.000000000000256 26.7168
37.100000000000257 26.9406
37.200000000000259 27.1994
37.30000000000026 27.4192
37.400000000000261 27.6374
37.500000000000263 27.7818
37.600000000000264 27.9971
37.700000000000266 28.2107
37.800000000000267 28.4579
37.900000000000269 28.6332
38.00000000000027 28.8074
38.100000000000271 29.015
38.200000000000273 29.2554
38.300000000000274 29.4599
38.400000000000276 29.6293
38.500000000000277 29.8312
38.600000000000279 30.0651
38.70000000000028 30.2641
38.800000000000281 30.4618
38.900000000000283 30.6582
39.000000000000284 30.8858
39.100000000000286 31.0796
39.200000000000287 31.2721
39.300000000000288 31.4953
39.40000000000029 31.6853
39.500000000000291 31.8742
39.600000000000293 32.0932
39.700000000000294 32.2797
39.800000000000296 32.4651
39.900000000000297 32.6801
40.000000000000298 32.8633
40.1000000000003 33.0455
40.200000000000301 33.2567
40.300000000000303 33.4367
40.400000000000304 33.6158
40.500000000000306 33.8234
40.600000000000307 34.0004
40.700000000000308 34.1765
40.80000000000031 34.3808
40.900000000000311 34.555
41.000000000000313 34.7283
41.100000000000314 34.9293
41.200000000000315 35.1007
41.300000000000317 35.2713
41.400000000000318 35.4693
41.50000000000032 35.6381
41.600000000000321 35.8062
41.700000000000323 36.0012
41.800000000000324 36.1676
41.900000000000325 36.3331
42.000000000000327 36.5254
42.100000000000328 36.6893
42.20000000000033 36.8526
42.300000000000331 37.0421
42.400000000000333 37.2038
42.500000000000334 37.3648
42.600000000000335 37.5517
42.700000000000337 37.7112
42.800000000000338 37.87
42.90000000000034 38.0545
43.000000000000341 38.2119
43.100000000000342 38.3686
43.200000000000344 38.5507
43.300000000000345 38.7061
43.400000000000347 38.8866
43.500000000000348 39.0406
43.60000000000035 39.194
43.700000000000351 39.3723
43.800000000000352 39.5244
43.900000000000354 39.676
44.000000000000355 39.8521
44.100000000000357 39.9774
44.200000000000358 19.9887
44.30000000000036 19.9887
44.400000000000361 19.9887
44.500000000000362 19.9887
44.600000000000364 19.9887
44.700000000000365 19.9887
44.800000000000367 20.0387
44.900000000000368 20.0387
45.000000000000369 20.3855
45.100000000000371 20.6781
45.200000000000372 20.9665
45.300000000000374 21.0142
45.400000000000375 21.1567
45.500000000000377 21.4387
45.600000000000378 21.7171
45.700000000000379 21.9919
45.800000000000381 21.9919
45.900000000000382 22.2183
46.000000000000384 22.487
46.100000000000385 22.7965
46.200000000000387 22.9278
46.300000000000388 22.9714
46.400000000000389 23.2314
46.500000000000391 23.5311
46.600000000000392 23.7849
46.700000000000394 23.8689
46.800000000000395 24.0361
46.900000000000396 24.2846
47.000000000000398 24.5307
47.100000000000399 24.8146
47.200000000000401 24.8146
47.300000000000402 25.0554
47.400000000000404 25.2939
47.500000000000405 25.5694
47.600000000000406 25.7644
47.700000000000408 25.8419
47.800000000000409 26.0732
47.900000000000411 26.3405
48.000000000000412 26.5675
48.100000000000414 26.7178
48.200000000000415 26.8672
48.300000000000416 27.1266
48.400000000000418 27.3471
48.500000000000419 27.5657
48.600000000000421 27.7106
48.700000000000422 27.9264
48.800000000000423 28.1405
48.900000000000425 28.3884
49.000000000000426 28.5991
49.100000000000428 28.7387
49.200000000000429 28.9468
49.300000000000431 29.1878
49.400000000000432 29.3928
49.500000000000433 29.5963
49.600000000000435 29.7649
49.700000000000436 29.9992
49.800000000000438 30.1987
49.900000000000439 30.3968
50.000000000000441 30.5937
50.100000000000442 30.8218
50.200000000000443 31.0159
50.300000000000445 31.2089
50.400000000000446 31.4325
50.500000000000448 31.6229
50.600000000000449 31.8122
50.70000000000045 32.0315
50.800000000000452 32.2184
50.900000000000453 32.4042
51.000000000000455 32.6196
51.100000000000456 32.8031
51.200000000000458 32.9856
51.300000000000459 33.1972
51.40000000000046 33.3776
51.500000000000462 33.5569
51.600000000000463 33.765
51.700000000000465 33.9423
51.800000000000466 34.1187
51.900000000000468 34.3233
52.000000000000469 34.4977
52.10000000000047 34.6713
52.200000000000472 34.8727
52.300000000000473 35.0444
52.400000000000475 35.2153
52.500000000000476 35.4136
52.600000000000477 35.5827
52.700000000000479 35.7509
52.80000000000048 35.9463
52.900000000000482 36.1129
53.000000000000483 36.2787
53.100000000000485 36.4712
53.200000000000486 36.6354
53.300000000000487 36.8261
53.400000000000489 36.9887
53.50000000000049 37.1506
53.600000000000492 37.3386
53.700000000000493 37.499
53.800000000000495 37.6588
53.900000000000496 37.8442
54.000000000000497 38.0025
54.100000000000499 38.1601
54.2000000000005 38.3432
54.300000000000502 38.4994
54.400000000000503 38.655
54.500000000000504 38.8357
54.600000000000506 38.99
54.700000000000507 39.1436
54.800000000000509 39.3221
54.90000000000051 39.4744
55.000000000000512 39.6262
55.100000000000513 39.8025
55.200000000000514 39.953
55.300000000000516 19.989
55.400000000000517 19.989
55.500000000000519 19.989
55.60000000000052 19.989
55.700000000000522 19.989
55.800000000000523 19.989
55.900000000000524 20.039
56.000000000000526 20.039
56.100000000000527 20.2873
56.200000000000529 20.5813
56.30000000000053 20.8711
56.400000000000531 21.0145
56.500000000000533 21.0621
56.600000000000534 21.3454
56.700000000000536 21.625
56.800000000000537 21.9466
56.900000000000539 21.9922
57.00000000000054 22.1283
57.100000000000541 22.3981
57.200000000000543 22.7088
57.300000000000544 22.9281
57.400000000000546 22.9281
57.500000000000547 23.1886
57.600000000000549 23.4461
57.70000000000055 23.7009
57.800000000000551 23.8692
57.900000000000553 23.9529
58.000000000000554 24.2023
58.100000000000556 24.4492
58.200000000000557 24.7341
58.300000000000558 24.8149
58.40000000000056 24.9757
58.500000000000561 25.2149
58.600000000000563 25.4913
58.700000000000564 25.7257
58.800000000000566 25.7646
58.900000000000567 25.9966
59.000000000000568 26.2647
59.10000000000057 26.4923
59.200000000000571 26.718
59.300000000000573 26.7928
59.400000000000574 27.053
59.500000000000576 27.274
59.600000000000577 27.4933
59.700000000000578 27.6746
59.80000000000058 27.8548
59.900000000000581 28.0696
60.000000000000583 28.318
60.100000000000584 28.5292
60.200000000000585 28.6692
60.300000000000587 28.8778
60.400000000000588 29.1194
60.50000000000059 29.3248
60.600000000000591 29.5288
60.700000000000593 29.6978
60.800000000000594 29.9327
60.900000000000595 30.1326
61.000000000000597 30.3311
61.100000000000598 30.5612
61.2000000000006 30.757
61.300000000000601 30.9515
61.400000000000603 31.1449
61.500000000000604 31.369
61.600000000000605 31.5597
61.700000000000607 31.7494
61.800000000000608 31.9692
61.90000000000061 32.1564
62.000000000000611 32.3426
62.100000000000612 32.5584
62.200000000000614 32.7422
62.300000000000615 32.9251
62.400000000000617 33.1371
62.500000000000618 33.3177
62.60000000000062 33.4974
62.700000000000621 33.7058
62.800000000000622 33.8835
62.900000000000624 34.0601
63.000000000000625 34.2651
63.100000000000627 34.4399
63.200000000000628 34.6137
63.30000000000063 34.8155
63.400000000000631 34.9874
63.500000000000632 35.187
63.600000000000634 35.3572
63.700000000000635 35.5266
63.800000000000637 35.7231
63.900000000000638 35.8908
64.000000000000639 36.0576
64.100000000000634 36.2513
64.200000000000628 36.4165
64.300000000000622 36.5809
64.400000000000617 36.7719
64.500000000000611 36.9347
64.600000000000605 37.0969
64.7000000000006 37.2852
64.800000000000594 37.4458
64.900000000000588 37.6058
65.000000000000583 37.7915
65.100000000000577 37.95
65.200000000000571 38.1078
65.300000000000566 38.2911
65.40000000000056 38.4476
65.500000000000554 38.6034
65.600000000000549 38.7843
65.700000000000543 38.9388
65.800000000000537 39.0926
65.900000000000531 39.2713
66.000000000000526 39.4239
66.10000000000052 39.5758
66.200000000000514 39.7523
66.300000000000509 39.903
66.400000000000503 19.9891
66.500000000000497 19.9891
66.600000000000492 19.9891
66.700000000000486 19.9891
66.80000000000048 19.9891
66.900000000000475 19.9891
67.000000000000469 20.0391
67.100000000000463 20.0391
67.200000000000458 20.1884
67.300000000000452 20.4838
67.400000000000446 20.775
67.500000000000441 21.0146
67.600000000000435 21.0146
67.700000000000429 21.2515
67.800000000000423 21.5323
67.900000000000418 21.8553
68.000000000000412 21.9923
68.100000000000406 22.0377
68.200000000000401 22.3086
68.300000000000395 22.6205
68.400000000000389 22.8845
68.500000000000384 22.9282
68.600000000000378 23.1021
68.700000000000372 23.3606
68.800000000000367 23.6163
68.900000000000361 23.8693
69.000000000000355 23.8693
69.10000000000035 24.1195
69.200000000000344 24.3672
69.300000000000338 24.6531
69.400000000000333 24.8149
69.500000000000327 24.8954
69.600000000000321 25.1355
69.700000000000315 25.4127
69.80000000000031 25.6479
69.900000000000304 25.7647
70.000000000000298 25.9196
70.100000000000293 26.1884
70.200000000000287 26.4167
70.300000000000281 26.643
70.400000000000276 26.7555
70.50000000000027 26.9789
70.600000000000264 27.2006
70.700000000000259 27.4569
70.800000000000253 27.6747
70.900000000000247 27.783
71.000000000000242 27.9982
71.100000000000236 28.2473
71.20000000000023 28.459
71.300000000000225 28.6343
71.400000000000219 28.8085
71.500000000000213 29.0506
71.600000000000207 29.2565
71.700000000000202 29.461
71.800000000000196 29.6303
71.90000000000019 29.8658
72.000000000000185 30.0661
72.100000000000179 30.2651
72.200000000000173 30.4957
72.300000000000168 30.6919
72.400000000000162 30.8869
72.500000000000156 31.0806
72.600000000000151 31.3052
72.700000000000145 31.4963
72.800000000000139 31.6863
72.900000000000134 31.9066
73.000000000000128 32.0942
73.100000000000122 32.2807
73.200000000000117 32.4969
73.300000000000111 32.6811
73.400000000000105 32.8643
73.500000000000099 33.0767
73.600000000000094 33.2577
73.700000000000088 33.4676
73.800000000000082 33.6465
73.900000000000077 33.8244
74.000000000000071 34.0308
74.100000000000065 34.2067
74.20000000000006 34.3818
74.300000000000054 34.5849
74.400000000000048 34.758
74.500000000000043 34.9302
74.600000000000037 35.1302
74.700000000000031 35.3006
74.800000000000026 35.4702
74.90000000000002 35.6671
75.000000000000014 35.835
75.100000000000009 36.0021
75.200000000000003 36.1961
75.299999999999997 36.3615
75.399999999999991 36.5262
75.499999999999986 36.7175
75.59999999999998 36.8806
75.699999999999974 37.043
75.799999999999969 37.2315
75.899999999999963 37.3924
75.999999999999957 37.5526
76.099999999999952 37.7386
76.199999999999946 37.8973
76.29999999999994 38.0553
76.399999999999935 38.2389
76.499999999999929 38.3955
76.599999999999923 38.5515
76.699999999999918 38.7327
76.799999999999912 38.8874
76.899999999999906 39.0414
76.999999999999901 39.2204
77.099999999999895 39.3731
77.199999999999889 39.5253
77.299999999999883 39.702
77.399999999999878 39.8529
77.499999999999872 39.9782
77.599999999999866 19.9891
77.699999999999861 19.9891
77.799999999999855 19.9891
77.899999999999849 19.9891
77.999999999999844 19.9891
78.099999999999838 19.9891
78.199999999999832 20.0391
78.299999999999827 20.089
78.399999999999821 20.3859
78.499999999999815 20.6784
78.59999999999981 21.0146
78.699999999999804 21.0146
78.799999999999798 21.1571
78.899999999999793 21.4391
78.999999999999787 21.7635
79.099999999999781 21.9923
79.199999999999775 21.9923
79.29999999999977 22.2187
79.399999999999764 22.5318
79.499999999999758 22.7968
79.599999999999753 22.9282
79.699999999999747 23.0153
79.799999999999741 23.2748
79.899999999999736 23.5314
79.99999999999973 23.8273
80.099999999999724 23.8693
80.199999999999719 24.0364
80.299999999999713 24.285
80.399999999999707 24.5718
80.499999999999702 24.8149
80.599999999999696 24.8149
80.69999999999969 25.0557
80.799999999999685 25.3338
80.899999999999679 25.5697
80.999999999999673 25.7647
81.099999999999667 25.8422
81.199999999999662 26.1119
81.299999999999656 26.3409
81.39999999999965 26.5678
81.499999999999645 26.7181
81.599999999999639 26.9047
81.699999999999633 27.1269
81.799999999999628 27.3839
81.899999999999622 27.6023
81.999999999999616 27.7109
82.099999999999611 27.9267
82.199999999999605 28.1764
82.299999999999599 28.3886
82.399999999999594 28.5993
82.499999999999588 28.739
82.599999999999582 28.9817
82.699999999999577 29.1881
82.799999999999571 29.393
82.899999999999565 29.5966
82.999999999999559 29.7987
83.099999999999554 29.9995
83.199999999999548 30.199
83.299999999999542 30.43
83.399999999999537 30.6266
83.499999999999531 30.822
83.599999999999525 31.0484
83.69999999999952 31.2412
83.799999999999514 31.4327
83.899999999999508 31.6548
83.999999999999503 31.8438
84.099999999999497 32.0318
84.199999999999491 32.2497
84.299999999999486 32.4353
84.39999999999948 32.6198
84.499999999999474 32.8338
84.599999999999469 33.0162
84.699999999999463 33.1975
84.799999999999457 33.4078
84.899999999999451 33.587
84.999999999999446 33.7652
85.09999999999944 33.972
85.199999999999434 34.1482
85.299999999999429 34.3235
85.399999999999423 34.527
85.499999999999417 34.7004
85.599999999999412 34.8729
85.699999999999406 35.0732
85.7999999999994 35.2439
85.899999999999395 35.4138
85.999999999999389 35.611
86.099999999999383 35.7791
86.199999999999378 35.9465
86.299999999999372 36.1408
86.399999999999366 36.3065
86.499999999999361 36.4714
86.599999999999355 36.6629
86.699999999999349 36.8263
86.799999999999343 36.9889
86.899999999999338 37.1778
86.999999999999332 37.3388
87.099999999999326 37.4993
87.199999999999321 37.6855
87.299999999999315 37.8445
87.399999999999309 38.0027
87.499999999999304 38.1865
87.599999999999298 38.3434
87.699999999999292 38.4996
87.799999999999287 38.6811
87.899999999999281 38.8359
87.999999999999275 38.9902
88.09999999999927 39.1693
88.199999999999264 39.3223
88.299999999999258 39.4746
88.399999999999253 39.6516
88.499999999999247 39.8027
88.599999999999241 39.9532
88.699999999999235 19.9891
88.79999999999923 19.9891
88.899999999999224 19.9891
88.999999999999218 19.9891
89.099999999999213 19.9891
89.199999999999207 19.9891
89.299999999999201 20.0391
89.399999999999196 20.0391
89.49999999999919 20.2874
89.599999999999184 20.5814
89.699999999999179 20.9191
89.799999999999173 21.0146
89.899999999999167 21.0622
89.999999999999162 21.3455
90.099999999999156 21.6713
90.19999999999915 21.9467
90.299999999999145 21.9923
90.399999999999139 22.1284
90.499999999999133 22.4428
90.599999999999127 22.7089
90.699999999999122 22.9282
90.799999999999116 22.9282
90.89999999999911 23.1886
90.999999999999105 23.4462
91.099999999999099 23.7431
91.199999999999093 23.8693
91.299999999999088 23.953
91.399999999999082 24.2024
91.499999999999076 24.4902
91.599999999999071 24.7341
91.699999999999065 24.8149
91.799999999999059 24.9757
91.899999999999054 25.2547
91.999999999999048 25.4913
92.099999999999042 25.7258
92.199999999999037 25.7647
92.299999999999031 26.0351
92.399999999999025 26.2648
92.499999999999019 26.4924
92.599999999999014 26.7181
92.699999999999008 26.8302
92.799999999999002 27.053
92.899999999998997 27.3107
92.999999999998991 27.5297
93.099999999998985 27.6747
93.19999999999898 27.8549
93.299999999998974 28.1053
93.399999999998968 28.3181
93.499999999998963 28.5293
93.599999999998957 28.6692
93.699999999998951 28.9125
93.799999999998946 29.1194
93.89999999999894 29.3249
93.999999999998934 29.5627
94.099999999998929 29.7315
94.199999999998923 29.9327
94.299999999998917 30.1326
94.399999999998911 30.3642
94.499999999998906 30.5612
94.5999999999989 30.757
94.699999999998894 30.9839
94.799999999998889 31.1771
94.899999999998883 31.369
94.999999999998877 31.5915
95.099999999998872 31.7809
95.199999999998866 31.9693
95.29999999999886 32.1876
95.399999999998855 32.3736
95.499999999998849 32.5585
95.599999999998843 32.7728
95.699999999998838 32.9555
95.799999999998832 33.1371
95.899999999998826 33.3478
95.99999999999882 33.5273
96.099999999998815 33.7059
96.199999999998809 33.913
96.299999999998803 34.0896
96.399999999998798 34.2652
96.499999999998792 34.469
96.599999999998786 34.6427
96.699999999998781 34.8155
96.799999999998775 35.0161
96.899999999998769 35.1871
96.999999999998764 35.3573
97.099999999998758 35.5548
97.199999999998752 35.7232
97.299999999998747 35.8908
97.399999999998741 36.0854
97.499999999998735 36.2513
97.59999999999873 36.4165
97.699999999998724 36.6083
97.799999999998718 36.7719
97.899999999998712 36.9348
97.999999999998707 37.1239
98.099999999998701 37.2852
98.199999999998695 37.4459
98.29999999999869 37.6324
98.399999999998684 37.7916
98.499999999998678 37.95
98.599999999998673 38.1341
98.699999999998667 38.2912
98.799999999998661 38.4476
98.899999999998656 38.6293
98.99999999999865 38.7844
99.099999999998644 38.9388
99.199999999998639 39.1182
99.299999999998633 39.2714
99.399999999998627 39.4239
99.499999999998622 39.6011
99.599999999998616 39.7524
99.69999999999861 39.9031
99.799999999998604 19.9891
99.899999999998599 19.9891
99.999999999998593 19.9891
100.09999999999859 19.9891
100.19999999999858 19.9891
100.29999999999858 19.9891
100.39999999999857 20.0391
100.49999999999856 20.0391
100.59999999999856 20.0391
100.69999999999855 20.0391
100.79999999999855 20.0391
100.89999999999854 20.0391
100.99999999999854 20.0391
101.09999999999853 20.0391
101.19999999999852 1
101.29999999999852 1
101.39999999999851 1
101.49999999999851 1
101.5999999999985 1
101.6999999999985 1
101.79999999999849 1
101.89999999999849 1
101.99999999999848 1
102.09999999999847 1
102.19999999999847 1
102.29999999999846 1
102.39999999999846 1
102.49999999999845 1
102.59999999999845 1
102.69999999999844 1
102.79999999999843 1
102.89999999999843 1
102.99999999999842 1
103.09999999999842 1
103.19999999999841 1
103.29999999999841 1
103.3999999999984 1
103.49999999999839 1
103.59999999999839 1
103.69999999999838 1
103.79999999999838 1
103.89999999999837 1
103.99999999999837 1
104.09999999999836 1
104.19999999999835 1
104.29999999999835 1
104.39999999999834 1
104.49999999999834 1
104.59999999999833 1
104.69999999999833 1
104.79999999999832 1
104.89999999999831 1
104.99999999999831 1
105.0999999999983 1
105.1999999999983 1
105.29999999999829 1
105.39999999999829 1
105.49999999999828 1
105.59999999999827 1
105.69999999999827 1
105.79999999999826 1
105.89999999999826 1
105.99999999999825 1
106.09999999999825 1
106.19999999999824 1
106.29999999999824 1
106.39999999999823 1
106.49999999999822 1
106.59999999999822 1
106.69999999999821 1
106.79999999999821 1
106.8999999999982 1
106.9999999999982 1
107.09999999999819 1
107.19999999999818 1
107.29999999999818 1
107.39999999999817 1
107.49999999999817 1
107.59999999999816 1
107.69999999999816 1
107.79999999999815 1
107.89999999999814 1
107.99999999999814 1
108.09999999999813 1
108.19999999999813 1
108.29999999999812 1
108.39999999999812 1
108.49999999999811 1
108.5999999999981 1
108.6999999999981 1
108.79999999999809 1
108.89999999999809 1
108.99999999999808 1
109.09999999999808 1
109.19999999999807 1
109.29999999999806 1
109.39999999999806 1
109.49999999999805 1
109.59999999999805 1
109.69999999999804 1
109.79999999999804 1
109.89999999999803 1
109.99999999999802 1
110.09999999999802 1
110.19999999999801 1
110.29999999999801 1
110.399999999998 1
110.499999999998 1
110.59999999999799 1
110.69999999999798 1
110.79999999999798 1
110.89999999999797 1
110.99999999999797 1
111.09999999999796 1
111.19999999999796 1
111.29999999999795 1
111.39999999999795 1
111.49999999999794 1
111.59999999999793 1
111.69999999999793 1
111.79999999999792 1
111.89999999999792 1
111.99999999999791 1
112.09999999999791 1
112.1999999999979 1
112.29999999999789 1
112.39999999999789 1
112.49999999999788 1
112.59999999999788 1
112.69999999999787 1
112.79999999999787 1
112.89999999999786 1
112.99999999999785 1
113.09999999999785 1
113.19999999999784 1
113.29999999999784 1
113.39999999999783 1
113.49999999999783 1
113.59999999999782 1
113.69999999999781 1
113.79999999999781 1
113.8999999999978 1
113.9999999999978 1
114.09999999999779 1
114.19999999999779 1
114.29999999999778 1
114.39999999999777 1
114.49999999999777 1
114.59999999999776 1
114.69999999999776 1
114.79999999999775 1
114.89999999999775 1
114.99999999999774 1
115.09999999999773 1
115.19999999999773 1
115.29999999999772 1
115.39999999999772 1
115.49999999999771 1
115.59999999999771 1
115.6999999999977 1
115.79999999999769 1
115.89999999999769 1
115.99999999999768 1
116.09999999999768 1
116.19999999999767 1
116.29999999999767 1
116.39999999999766 1
116.49999999999766 1
116.59999999999765 1
116.69999999999764 1
116.79999999999764 1
116.89999999999763 1
116.99999999999763 1
117.09999999999762 1
117.19999999999762 1
117.29999999999761 1
117.3999999999976 1
117.4999999999976 1
117.59999999999759 1
117.69999999999759 1
117.79999999999758 1
117.89999999999758 1
117.99999999999757 1
118.09999999999756 1
118.19999999999756 1
118.29999999999755 1
118.39999999999755 1
118.49999999999754 1
118.59999999999754 1
118.69999999999753 1
118.79999999999752 1
118.89999999999752 1
118.99999999999751 1
119.09999999999751 1
119.1999999999975 1
119.2999999999975 1
119.39999999999749 1
119.49999999999748 1
119.59999999999748 1
119.69999999999747 1
119.79999999999747 1
119.89999999999746 1
119.99999999999746 1
120.09999999999745 1
120.19999999999744 1
120.29999999999744 1
120.39999999999743 1
120.49999999999743 1
120.59999999999742 1
120.69999999999742 1
120.79999999999741 1
120.89999999999741 1
120.9999999999974 1
121.09999999999739 1
121.19999999999739 1
121.29999999999738 1
121.39999999999738 1
121.49999999999737 1
121.59999999999737 1
121.69999999999736 1
121.79999999999735 1
121.89999999999735 1
121.99999999999734 1
122.09999999999734 1
122.19999999999733 1
122.29999999999733 1
122.39999999999732 1
122.49999999999731 1
122.59999999999731 1
122.6999999999973 1
122.7999999999973 1
122.89999999999729 1
122.99999999999729 1
123.09999999999728 1
123.19999999999727 1
123.29999999999727 1
123.39999999999726 1
123.49999999999726 1
123.59999999999725 1
123.69999999999725 1
123.79999999999724 1
123.89999999999723 1
123.99999999999723 1
124.09999999999722 1
124.19999999999722 1
124.29999999999721 1
124.39999999999721 1
124.4999999999972 1
124.59999999999719 1
124.69999999999719 1
124.79999999999718 1
124.89999999999718 1
124.99999999999717 1
