0.10000000000000001 1
0.20000000000000001 1
0.30000000000000004 1
0.40000000000000002 1
0.5 1
0.59999999999999998 2
0.69999999999999996 2
0.79999999999999993 2
0.89999999999999991 2
0.99999999999999989 2
1.0999999999999999 4
1.2 4
1.3 4
1.4000000000000001 4
1.5000000000000002 7
1.6000000000000003 8
1.7000000000000004 8
1.8000000000000005 8
1.9000000000000006 8
2.0000000000000004 13
2.1000000000000005 16
2.2000000000000006 16
2.3000000000000007 16
2.4000000000000008 17
2.5000000000000009 23
2.600000000000001 30
2.7000000000000011 32
2.8000000000000012 32
2.9000000000000012 36
3.0000000000000013 42
3.1000000000000014 48
3.2000000000000015 1
3.3000000000000016 1
3.4000000000000017 1
3.5000000000000018 1
3.6000000000000019 1
3.700000000000002 1
3.800000000000002 2
3.9000000000000021 2
4.0000000000000018 2
4.1000000000000014 2
4.2000000000000011 2
4.3000000000000007 3
4.4000000000000004 3
4.5 3
4.5999999999999996 3
4.6999999999999993 3
4.7999999999999989 5
4.8999999999999986 5
4.9999999999999982 5
5.0999999999999979 5
5.1999999999999975 6
5.2999999999999972 8
5.3999999999999968 8
5.4999999999999964 8
5.5999999999999961 8
5.6999999999999957 8
5.7999999999999954 11
5.899999999999995 13
5.9999999999999947 13
6.0999999999999943 13
6.199999999999994 14
6.2999999999999936 17
6.3999999999999932 20
6.4999999999999929 20
6.5999999999999925 21
6.6999999999999922 24
6.7999999999999918 25.239
6.8999999999999915 25.4758
6.9999999999999911 25.5934
7.0999999999999908 25.6715
7.1999999999999904 25.9044
7.2999999999999901 26.1351
7.3999999999999897 26.3639
7.4999999999999893 26.6282
7.599999999999989 26.7033
7.6999999999999886 26.9272
7.7999999999999883 27.1861
7.8999999999999879 27.4061
7.9999999999999876 27.588
8.0999999999999872 27.7327
8.1999999999999869 27.9842
8.2999999999999865 28.1979
8.3999999999999861 28.41
8.4999999999999858 28.5505
8.5999999999999854 28.7948
8.6999999999999851 29.0026
8.7999999999999847 29.2088
8.8999999999999844 29.4476
8.999999999999984 29.617
9.0999999999999837 29.8191
9.1999999999999833 30.0197
9.2999999999999829 30.2521
9.3999999999999826 30.4499
9.4999999999999822 30.6464
9.5999999999999819 30.8741
9.6999999999999815 31.0679
9.7999999999999812 31.2606
9.8999999999999808 31.4838
9.9999999999999805 31.6739
10.09999999999998 31.8629
10.19999999999998 32.0819
10.299999999999979 32.2685
10.399999999999979 32.454
10.499999999999979 32.6691
10.599999999999978 32.8523
10.699999999999978 33.0345
10.799999999999978 33.2458
10.899999999999977 33.4259
10.999999999999977 33.605
11.099999999999977 33.8128
11.199999999999976 33.9898
11.299999999999976 34.166
11.399999999999975 34.3703
11.499999999999975 34.5445
11.599999999999975 34.7178
11.699999999999974 34.919
11.799999999999974 35.0904
11.899999999999974 35.2611
11.999999999999973 35.4591
12.099999999999973 35.628
12.199999999999973 35.7961
12.299999999999972 35.9912
12.399999999999972 36.1576
12.499999999999972 36.3232
12.599999999999971 36.5155
12.699999999999971 36.6795
12.799999999999971 36.8427
12.89999999999997 37.0323
12.99999999999997 37.1941
13.099999999999969 37.3551
13.199999999999969 37.5421
13.299999999999969 37.7016
13.399999999999968 37.8605
13.499999999999968 38.045
13.599999999999968 38.2024
13.699999999999967 38.3592
13.799999999999967 38.5413
13.899999999999967 38.6967
13.999999999999966 38.8515
14.099999999999966 39.0313
14.199999999999966 39.1848
14.299999999999965 39.3377
14.399999999999965 39.5153
14.499999999999964 39.6669
14.599999999999964 39.8179
14.699999999999964 39.9684
14.799999999999963 1
14.899999999999963 1
14.999999999999963 1
15.099999999999962 1
15.199999999999962 1
15.299999999999962 1
15.399999999999961 2
15.499999999999961 2
15.599999999999961 2
15.69999999999996 2
15.79999999999996 3
15.899999999999959 4
15.999999999999959 4
16.099999999999959 4
16.19999999999996 4
16.299999999999962 7
16.399999999999963 8
16.499999999999964 8
16.599999999999966 8
16.699999999999967 8
16.799999999999969 14
16.89999999999997 16
16.999999999999972 16
17.099999999999973 16
17.199999999999974 18
17.299999999999976 19.2617
17.399999999999977 19.6222
17.499999999999979 19.6732
17.59999999999998 19.6732
17.699999999999982 19.8757
17.799999999999983 20.2253
17.899999999999984 20.5202
17.999999999999986 20.6175
18.099999999999987 20.6175
18.199999999999989 20.9547
18.29999999999999 21.2394
18.399999999999991 21.5203
18.499999999999993 21.5668
18.599999999999994 21.7056
18.699999999999996 21.9806
18.799999999999997 22.2971
18.899999999999999 22.5204
19 22.5204
19.100000000000001 22.7416
19.200000000000003 23.0476
19.300000000000004 23.3067
19.400000000000006 23.4779
19.500000000000007 23.5205
19.600000000000009 23.8165
19.70000000000001 24.0673
19.800000000000011 24.3156
19.900000000000013 24.4387
20.000000000000014 24.602
20.100000000000016 24.8449
20.200000000000017 25.0854
20.300000000000018 25.3631
20.40000000000002 25.4026
20.500000000000021 25.6379
20.600000000000023 25.871
20.700000000000024 26.1404
20.800000000000026 26.3691
20.900000000000027 26.4449
21.000000000000028 26.7084
21.10000000000003 26.9323
21.200000000000031 27.1543
21.300000000000033 27.338
21.400000000000034 27.5204
21.500000000000036 27.7377
21.600000000000037 27.9533
21.700000000000038 28.2028
21.80000000000004 28.3443
21.900000000000041 28.5553
22.000000000000043 28.7648
22.100000000000044 29.0073
22.200000000000045 29.2135
22.300000000000047 29.3843
22.400000000000048 29.5879
22.50000000000005 29.8237
22.600000000000051 30.0243
22.700000000000053 30.2236
22.800000000000054 30.4544
22.900000000000055 30.6509
23.000000000000057 30.8462
23.100000000000058 31.0724
23.20000000000006 31.265
23.300000000000061 31.4564
23.400000000000063 31.6783
23.500000000000064 31.8672
23.600000000000065 32.055
23.700000000000067 32.2727
23.800000000000068 32.4582
23.90000000000007 32.6426
24.000000000000071 32.8565
24.100000000000072 33.0387
24.200000000000074 33.2199
24.300000000000075 33.43
24.400000000000077 33.6091
24.500000000000078 33.7872
24.60000000000008 33.9939
24.700000000000081 34.17
24.800000000000082 34.3452
24.900000000000084 34.5485
25.000000000000085 34.7218
25.100000000000087 34.8942
25.200000000000088 35.0944
25.30000000000009 35.265
25.400000000000091 35.4348
25.500000000000092 35.6319
25.600000000000094 35.7999
25.700000000000095 35.9672
25.800000000000097 36.1614
25.900000000000098 36.327
26.000000000000099 36.4918
26.100000000000101 36.6832
26.200000000000102 36.8465
26.300000000000104 37.009
26.400000000000105 37.1977
26.500000000000107 37.3588
26.600000000000108 37.5191
26.700000000000109 37.7053
26.800000000000111 37.8641
26.900000000000112 38.0223
27.000000000000114 38.206
27.100000000000115 38.3628
27.200000000000117 38.5189
27.300000000000118 38.7003
27.400000000000119 38.8551
27.500000000000121 39.0092
27.600000000000122 39.1883
27.700000000000124 39.3412
27.800000000000125 39.4934
27.900000000000126 39.6704
28.000000000000128 39.8214
28.100000000000129 39.9718
28.200000000000131 1
28.300000000000132 1
28.400000000000134 1
28.500000000000135 1
28.600000000000136 1
28.700000000000138 1
28.800000000000139 2
28.900000000000141 2
29.000000000000142 2
29.100000000000144 2
29.200000000000145 3
29.300000000000146 4
29.400000000000148 4
29.500000000000149 4
29.600000000000151 4
29.700000000000152 7
29.800000000000153 8
29.900000000000155 8
30.000000000000156 8
30.100000000000158 8
30.200000000000159 14
30.300000000000161 16
30.400000000000162 16
30.500000000000163 16
30.600000000000165 18
30.700000000000166 19.2617
30.800000000000168 19.5711
30.900000000000169 19.6732
31.000000000000171 19.6732
31.100000000000172 19.8757
31.200000000000173 20.1757
31.300000000000175 20.5202
31.400000000000176 20.6175
31.500000000000178 20.6175
31.600000000000179 20.9068
31.70000000000018 21.2394
31.800000000000182 21.5203
31.900000000000183 21.5668
32.000000000000185 21.7056
32.100000000000186 21.9806
32.200000000000188 22.2522
32.300000000000189 22.5204
32.40000000000019 22.5204
32.500000000000192 22.7416
32.600000000000193 23.0042
32.700000000000195 23.3067
32.800000000000196 23.4779
32.900000000000198 23.5205
33.000000000000199 23.7744
33.1000000000002 24.0673
33.200000000000202 24.3156
33.300000000000203 24.4387
33.400000000000205 24.5613
33.500000000000206 24.8449
33.600000000000207 25.0854
33.700000000000209 25.3237
33.80000000000021 25.4026
33.900000000000212 25.6379
34.000000000000213 25.871
34.100000000000215 26.1021
34.200000000000216 26.3691
34.300000000000217 26.4449
34.400000000000219 26.6709
34.50000000000022 26.9323
34.600000000000222 27.1543
34.700000000000223 27.338
34.800000000000225 27.484
34.900000000000226 27.7377
35.000000000000227 27.9533
35.100000000000229 28.1673
35.20000000000023 28.309
35.300000000000232 28.5553
35.400000000000233 28.7648
35.500000000000234 28.9728
35.600000000000236 29.2135
35.700000000000237 29.3843
35.800000000000239 29.5879
35.90000000000024 29.7901
36.000000000000242 30.0243
36.100000000000243 30.2236
36.200000000000244 30.4216
36.300000000000246 30.6509
36.400000000000247 30.8462
36.500000000000249 31.0402
36.60000000000025 31.265
36.700000000000252 31.4564
36.800000000000253 31.6467
36.900000000000254 31.8672
37.000000000000256 32.055
37.100000000000257 32.2417
37.200000000000259 32.4582
37.30000000000026 32.6426
37.400000000000261 32.826
37.500000000000263 33.0387
37.600000000000264 33.2199
37.700000000000266 33.4001
37.800000000000267 33.6091
37.900000000000269 33.7872
38.00000000000027 33.9644
38.100000000000271 34.17
38.200000000000273 34.3452
38.300000000000274 34.5195
38.400000000000276 34.7218
38.500000000000277 34.8942
38.600000000000279 35.0658
38.70000000000028 35.265
38.800000000000281 35.4348
38.900000000000283 35.6038
39.000000000000284 35.7999
39.100000000000286 35.9672
39.200000000000287 36.1337
39.300000000000288 36.327
39.40000000000029 36.4918
39.500000000000291 36.6559
39.600000000000293 36.8465
39.700000000000294 37.009
39.800000000000296 37.1708
39.900000000000297 37.3588
40.000000000000298 37.5191
40.1000000000003 37.6787
40.200000000000301 37.8641
40.300000000000303 38.0223
40.400000000000304 38.1798
40.500000000000306 38.3628
40.600000000000307 38.5189
40.700000000000308 38.6744
40.80000000000031 38.8551
40.900000000000311 39.0092
41.000000000000313 39.1628
41.100000000000314 39.3412
41.200000000000315 39.4934
41.300000000000317 39.6451
41.400000000000318 39.8214
41.50000000000032 39.9718
41.600000000000321 1
41.700000000000323 1
41.800000000000324 1
41.900000000000325 1
42.000000000000327 1
42.100000000000328 1
42.20000000000033 2
42.300000000000331 2
42.400000000000333 2
42.500000000000334 2
42.600000000000335 2
42.700000000000337 4
42.800000000000338 4
42.90000000000034 4
43.000000000000341 4
43.100000000000342 7
43.200000000000344 8
43.300000000000345 8
43.400000000000347 8
43.500000000000348 8
43.60000000000035 13
43.700000000000351 16
43.800000000000352 16
43.900000000000354 16
44.000000000000355 17
44.100000000000357 19.2617
44.200000000000358 19.5711
44.30000000000036 19.6732
44.400000000000361 19.6732
44.500000000000362 19.8757
44.600000000000364 20.1757
44.700000000000365 20.4713
44.800000000000367 20.6175
44.900000000000368 20.6175
45.000000000000369 20.9068
45.100000000000371 21.1922
45.200000000000372 21.5203
45.300000000000374 21.5668
45.400000000000375 21.6594
45.500000000000377 21.9806
45.600000000000378 22.2522
45.700000000000379 22.5204
45.800000000000381 22.5204
45.900000000000382 22.7416
46.000000000000384 23.0042
46.100000000000385 23.2638
46.200000000000387 23.4779
46.300000000000388 23.5205
46.400000000000389 23.7744
46.500000000000391 24.0257
46.600000000000392 24.3156
46.700000000000394 24.4387
46.800000000000395 24.5613
46.900000000000396 24.8046
47.000000000000398 25.0854
47.100000000000399 25.3237
47.200000000000401 25.4026
47.300000000000402 25.5988
47.400000000000404 25.871
47.500000000000405 26.1021
47.600000000000406 26.3311
47.700000000000408 26.4449
47.800000000000409 26.6709
47.900000000000411 26.8951
48.000000000000412 27.1543
48.100000000000414 27.338
48.200000000000415 27.484
48.300000000000416 27.7016
48.400000000000418 27.9533
48.500000000000419 28.1673
48.600000000000421 28.309
48.700000000000422 28.5203
48.800000000000423 28.7648
48.900000000000425 28.9728
49.000000000000426 29.1793
49.100000000000428 29.3502
49.200000000000429 29.5879
49.300000000000431 29.7901
49.400000000000432 29.9909
49.500000000000433 30.2236
49.600000000000435 30.4216
49.700000000000436 30.6183
49.800000000000438 30.8462
49.900000000000439 31.0402
50.000000000000441 31.233
50.100000000000442 31.4564
50.200000000000443 31.6467
50.300000000000445 31.8358
50.400000000000446 32.055
50.500000000000448 32.2417
50.600000000000449 32.4274
50.70000000000045 32.6426
50.800000000000452 32.826
50.900000000000453 33.0084
51.000000000000455 33.2199
51.100000000000456 33.4001
51.200000000000458 33.5793
51.300000000000459 33.7872
51.40000000000046 33.9644
51.500000000000462 34.1407
51.600000000000463 34.3452
51.700000000000465 34.5195
51.800000000000466 34.693
51.900000000000468 34.8942
52.000000000000469 35.0658
52.10000000000047 35.2366
52.200000000000472 35.4348
52.300000000000473 35.6038
52.400000000000475 35.772
52.500000000000476 35.9672
52.600000000000477 36.1337
52.700000000000479 36.2994
52.80000000000048 36.4918
52.900000000000482 36.6559
53.000000000000483 36.8193
53.100000000000485 37.009
53.200000000000486 37.1708
53.300000000000487 37.332
53.400000000000489 37.5191
53.50000000000049 37.6787
53.600000000000492 37.8377
53.700000000000493 38.0223
53.800000000000495 38.1798
53.900000000000496 38.3367
54.000000000000497 38.5189
54.100000000000499 38.6744
54.2000000000005 38.8293
54.300000000000502 39.0092
54.400000000000503 39.1628
54.500000000000504 39.3157
54.600000000000506 39.4934
54.700000000000507 39.6451
54.800000000000509 39.7962
54.90000000000051 39.9718
55.000000000000512 1
55.100000000000513 1
55.200000000000514 1
55.300000000000516 1
55.400000000000517 1
55.500000000000519 1
55.60000000000052 2
55.700000000000522 2
55.800000000000523 2
55.900000000000524 2
56.000000000000526 2
56.100000000000527 4
56.200000000000529 4
56.30000000000053 4
56.400000000000531 4
56.500000000000533 6
56.600000000000534 8
56.700000000000536 8
56.800000000000537 8
56.900000000000539 8
57.00000000000054 13
57.100000000000541 16
57.200000000000543 16
57.300000000000544 16
57.400000000000546 17
57.500000000000547 19.2097
57.600000000000549 19.5711
57.70000000000055 19.6732
57.800000000000551 19.6732
57.900000000000553 19.8253
58.000000000000554 20.1757
58.100000000000556 20.4713
58.200000000000557 20.6175
58.300000000000558 20.6175
58.40000000000056 20.9068
58.500000000000561 21.1922
58.600000000000563 21.4738
58.700000000000564 21.5668
58.800000000000566 21.6594
58.900000000000567 21.935
59.000000000000568 22.2522
59.10000000000057 22.5204
59.200000000000571 22.5204
59.300000000000573 22.6975
59.400000000000574 23.0042
59.500000000000576 23.2638
59.600000000000577 23.4779
59.700000000000578 23.4779
59.80000000000058 23.7744
59.900000000000581 24.0257
60.000000000000583 24.2744
60.100000000000584 24.4387
60.200000000000585 24.5613
60.300000000000587 24.8046
60.400000000000588 25.0455
60.50000000000059 25.3237
60.600000000000591 25.4026
60.700000000000593 25.5988
60.800000000000594 25.8323
60.900000000000595 26.1021
61.000000000000597 26.3311
61.100000000000598 26.407
61.2000000000006 26.6709
61.300000000000601 26.8951
61.400000000000603 27.1174
61.500000000000604 27.338
61.600000000000605 27.484
61.700000000000607 27.7016
61.800000000000608 27.9175
61.90000000000061 28.1673
62.000000000000611 28.309
62.100000000000612 28.5203
62.200000000000614 28.73
62.300000000000615 28.9728
62.400000000000617 29.1793
62.500000000000618 29.3502
62.60000000000062 29.5541
62.700000000000621 29.7901
62.800000000000622 29.9909
62.900000000000624 30.1905
63.000000000000625 30.4216
63.100000000000627 30.6183
63.200000000000628 30.8137
63.30000000000063 31.0402
63.400000000000631 31.233
63.500000000000632 31.4246
63.600000000000634 31.6467
63.700000000000635 31.8358
63.800000000000637 32.0238
63.900000000000638 32.2417
64.000000000000639 32.4274
64.100000000000634 32.612
64.200000000000628 32.826
64.300000000000622 33.0084
64.400000000000617 33.1897
64.500000000000611 33.4001
64.600000000000605 33.5793
64.7000000000006 33.7576
64.800000000000594 33.9644
64.900000000000588 34.1407
65.000000000000583 34.3161
65.100000000000577 34.5195
65.200000000000571 34.693
65.300000000000566 34.8656
65.40000000000056 35.0658
65.500000000000554 35.2366
65.600000000000549 35.4065
65.700000000000543 35.6038
65.800000000000537 35.772
65.900000000000531 35.9394
66.000000000000526 36.1337
66.10000000000052 36.2994
66.200000000000514 36.4644
66.300000000000509 36.6559
66.400000000000503 36.8193
66.500000000000497 36.982
66.600000000000492 37.1708
66.700000000000486 37.332
66.80000000000048 37.4924
66.900000000000475 37.6787
67.000000000000469 37.8377
67.100000000000463 37.996
67.200000000000458 38.1798
67.300000000000452 38.3367
67.400000000000446 38.4929
67.500000000000441 38.6744
67.600000000000435 38.8293
67.700000000000429 38.9836
67.800000000000423 39.1628
67.900000000000418 39.3157
68.000000000000412 39.4681
68.100000000000406 39.6451
68.200000000000401 39.7962
68.300000000000395 39.9468
68.400000000000389 1
68.500000000000384 1
68.600000000000378 1
68.700000000000372 1
68.800000000000367 1
68.900000000000361 1
69.000000000000355 2
69.10000000000035 2
69.200000000000344 2
69.300000000000338 2
69.400000000000333 2
69.500000000000327 4
69.600000000000321 4
69.700000000000315 4
69.80000000000031 4
69.900000000000304 6
70.000000000000298 8
70.100000000000293 8
70.200000000000287 8
70.300000000000281 8
70.400000000000276 13
70.50000000000027 16
70.600000000000264 16
70.700000000000259 16
70.800000000000253 17
70.900000000000247 19.2097
71.000000000000242 19.5199
71.100000000000236 19.6732
71.20000000000023 19.6732
71.300000000000225 19.8253
71.400000000000219 20.126
71.500000000000213 20.4713
71.600000000000207 20.6175
71.700000000000202 20.6175
71.800000000000196 20.8589
71.90000000000019 21.1922
72.000000000000185 21.4738
72.100000000000179 21.5668
72.200000000000173 21.6594
72.300000000000168 21.935
72.400000000000162 22.2071
72.500000000000156 22.5204
72.600000000000151 22.5204
72.700000000000145 22.6975
72.800000000000139 22.9606
72.900000000000134 23.2638
73.000000000000128 23.4779
73.100000000000122 23.4779
73.200000000000117 23.7323
73.300000000000111 24.0257
73.400000000000105 24.2744
73.500000000000099 24.4387
73.600000000000094 24.5205
73.700000000000088 24.8046
73.800000000000082 25.0455
73.900000000000077 25.2841
74.000000000000071 25.4026
74.100000000000065 25.5988
74.20000000000006 25.8323
74.300000000000054 26.0637
74.400000000000048 26.3311
74.500000000000043 26.407
74.600000000000037 26.6334
74.700000000000031 26.8951
74.800000000000026 27.1174
74.90000000000002 27.338
75.000000000000014 27.4476
75.100000000000009 27.7016
75.200000000000003 27.9175
75.299999999999997 28.1317
75.399999999999991 28.309
75.499999999999986 28.5203
75.59999999999998 28.73
75.699999999999974 28.9382
75.799999999999969 29.1793
75.899999999999963 29.3502
75.999999999999957 29.5541
76.099999999999952 29.7565
76.199999999999946 29.9909
76.29999999999994 30.1905
76.399999999999935 30.3887
76.499999999999929 30.6183
76.599999999999923 30.8137
76.699999999999918 31.0079
76.799999999999912 31.233
76.899999999999906 31.4246
76.999999999999901 31.615
77.099999999999895 31.8358
77.199999999999889 32.0238
77.299999999999883 32.2107
77.399999999999878 32.4274
77.499999999999872 32.612
77.599999999999866 32.7955
77.699999999999861 33.0084
77.799999999999855 33.1897
77.899999999999849 33.3701
77.999999999999844 33.5793
78.099999999999838 33.7576
78.199999999999832 33.9349
78.299999999999827 34.1407
78.399999999999821 34.3161
78.499999999999815 34.4905
78.59999999999981 34.693
78.699999999999804 34.8656
78.799999999999798 35.0373
78.899999999999793 35.2366
78.999999999999787 35.4065
79.099999999999781 35.5757
79.199999999999775 35.772
79.29999999999977 35.9394
79.399999999999764 36.106
79.499999999999758 36.2994
79.599999999999753 36.4644
79.699999999999747 36.6286
79.799999999999741 36.8193
79.899999999999736 36.982
79.99999999999973 37.1439
80.099999999999724 37.332
80.199999999999719 37.4924
80.299999999999713 37.6522
80.399999999999707 37.8377
80.499999999999702 37.996
80.599999999999696 38.1536
80.69999999999969 38.3367
80.799999999999685 38.4929
80.899999999999679 38.6486
80.999999999999673 38.8293
81.099999999999667 38.9836
81.199999999999662 39.1372
81.299999999999656 39.3157
81.39999999999965 39.4681
81.499999999999645 39.6199
81.599999999999639 39.7962
81.699999999999633 39.9468
81.799999999999628 1
81.899999999999622 1
81.999999999999616 1
82.099999999999611 1
82.199999999999605 1
82.299999999999599 1
82.399999999999594 2
82.499999999999588 2
82.599999999999582 2
82.699999999999577 2
82.799999999999571 2
82.899999999999565 4
82.999999999999559 4
83.099999999999554 4
83.199999999999548 4
83.299999999999542 6
83.399999999999537 8
83.499999999999531 8
83.599999999999525 8
83.69999999999952 8
83.799999999999514 12
83.899999999999508 16
83.999999999999503 16
84.099999999999497 16
84.199999999999491 16
84.299999999999486 19.2097
84.39999999999948 19.5199
84.499999999999474 19.6732
84.599999999999469 19.6732
84.699999999999463 19.8253
84.799999999999457 20.126
84.899999999999451 20.4223
84.999999999999446 20.6175
85.09999999999944 20.6175
85.199999999999434 20.8589
85.299999999999429 21.1449
85.399999999999423 21.4738
85.499999999999417 21.5668
85.599999999999412 21.6132
85.699999999999406 21.935
85.7999999999994 22.2071
85.899999999999395 22.4759
85.999999999999389 22.5204
86.099999999999383 22.6975
86.199999999999378 22.9606
86.299999999999372 23.2207
86.399999999999366 23.4779
86.499999999999361 23.4779
86.599999999999355 23.7323
86.699999999999349 23.984
86.799999999999343 24.2744
86.899999999999338 24.4387
86.999999999999332 24.5205
87.099999999999326 24.7642
87.199999999999321 25.0455
87.299999999999315 25.2841
87.399999999999309 25.4026
87.499999999999304 25.5597
87.599999999999298 25.8323
87.699999999999292 26.0637
87.799999999999287 26.2931
87.899999999999281 26.407
87.999999999999275 26.6334
88.09999999999927 26.8579
88.199999999999264 27.1174
88.299999999999258 27.338
88.399999999999253 27.4476
88.499999999999247 27.6654
88.599999999999241 27.9175
88.699999999999235 28.1317
88.79999999999923 28.309
88.899999999999224 28.4852
88.999999999999218 28.73
89.099999999999213 28.9382
89.199999999999207 29.145
89.299999999999201 29.3161
89.399999999999196 29.5541
89.49999999999919 29.7565
89.599999999999184 29.9576
89.699999999999179 30.1905
89.799999999999173 30.3887
89.899999999999167 30.5856
89.999999999999162 30.8137
90.099999999999156 31.0079
90.19999999999915 31.2009
90.299999999999145 31.4246
90.399999999999139 31.615
90.499999999999133 31.8043
90.599999999999127 32.0238
90.699999999999122 32.2107
90.799999999999116 32.3965
90.89999999999911 32.612
90.999999999999105 32.7955
91.099999999999099 32.9781
91.199999999999093 33.1897
91.299999999999088 33.3701
91.399999999999082 33.5495
91.499999999999076 33.7576
91.599999999999071 33.9349
91.699999999999065 34.1114
91.799999999999059 34.3161
91.899999999999054 34.4905
91.999999999999048 34.6641
92.099999999999042 34.8656
92.199999999999037 35.0373
92.299999999999031 35.2082
92.399999999999025 35.4065
92.499999999999019 35.5757
92.599999999999014 35.744
92.699999999999008 35.9394
92.799999999999002 36.106
92.899999999998997 36.2719
92.999999999998991 36.4644
93.099999999998985 36.6286
93.19999999999898 36.7921
93.299999999998974 36.982
93.399999999998968 37.1439
93.499999999998963 37.3052
93.599999999998957 37.4924
93.699999999998951 37.6522
93.799999999998946 37.8112
93.89999999999894 37.996
93.999999999998934 38.1536
94.099999999998929 38.3106
94.199999999998923 38.4929
94.299999999998917 38.6486
94.399999999998911 38.8035
94.499999999998906 38.9836
94.5999999999989 39.1372
94.699999999998894 39.2903
94.799999999998889 39.4681
94.899999999998883 39.6199
94.999999999998877 39.7711
95.099999999998872 39.9468
95.199999999998866 1
95.29999999999886 1
95.399999999998855 1
95.499999999998849 1
95.599999999998843 1
95.699999999998838 1
95.799999999998832 2
95.899999999998826 2
95.99999999999882 2
96.099999999998815 2
96.199999999998809 2
96.299999999998803 4
96.399999999998798 4
96.499999999998792 4
96.599999999998786 4
96.699999999998781 5
96.799999999998775 8
96.899999999998769 8
96.999999999998764 8
97.099999999998758 8
97.199999999998752 12
97.299999999998747 16
97.399999999998741 16
97.499999999998735 16
97.59999999999873 16
97.699999999998724 19.1575
97.799999999998718 19.5199
97.899999999998712 19.6732
97.999999999998707 19.6732
98.099999999998701 19.7747
98.199999999998695 20.126
98.29999999999869 20.4223
98.399999999998684 20.6175
98.499999999998678 20.6175
98.599999999998673 20.8589
98.699999999998667 21.1449
98.799999999998661 21.4271
98.899999999998656 21.5668
98.99999999999865 21.6132
99.099999999998644 21.8893
99.199999999998639 22.2071
99.299999999998633 22.4759
99.399999999998627 22.5204
99.499999999998622 22.6534
99.599999999998616 22.9606
99.69999999999861 23.2207
99.799999999998604 23.4779
99.899999999998599 23.4779
99.999999999998593 23.7323
100.09999999999859 23.984
100.19999999999858 24.2331
100.29999999999858 24.4387
100.39999999999857 24.5205
100.49999999999856 24.6832
100.59999999999856 24.6832
100.69999999999855 24.6832
100.79999999999855 24.6832
100.89999999999854 24.6832
100.99999999999854 24.6832
101.09999999999853 1
101.19999999999852 1
101.29999999999852 1
101.39999999999851 1
101.49999999999851 1
101.5999999999985 1
101.6999999999985 1
101.79999999999849 1
101.89999999999849 1
101.99999999999848 1
102.09999999999847 1
102.19999999999847 1
102.29999999999846 1
102.39999999999846 1
102.49999999999845 1
102.59999999999845 1
102.69999999999844 1
102.79999999999843 1
102.89999999999843 1
102.99999999999842 1
103.09999999999842 1
103.19999999999841 1
103.29999999999841 1
103.3999999999984 1
103.49999999999839 1
103.59999999999839 1
103.69999999999838 1
103.79999999999838 1
103.89999999999837 1
103.99999999999837 1
104.09999999999836 1
104.19999999999835 1
104.29999999999835 1
104.39999999999834 1
104.49999999999834 1
104.59999999999833 1
104.69999999999833 1
104.79999999999832 1
104.89999999999831 1
104.99999999999831 1
105.0999999999983 1
105.1999999999983 1
105.29999999999829 1
105.39999999999829 1
105.49999999999828 1
105.59999999999827 1
105.69999999999827 1
105.79999999999826 1
105.89999999999826 1
105.99999999999825 1
106.09999999999825 1
106.19999999999824 1
106.29999999999824 1
106.39999999999823 1
106.49999999999822 1
106.59999999999822 1
106.69999999999821 1
106.79999999999821 1
106.8999999999982 1
106.9999999999982 1
107.09999999999819 1
107.19999999999818 1
107.29999999999818 1
107.39999999999817 1
107.49999999999817 1
107.59999999999816 1
107.69999999999816 1
107.79999999999815 1
107.89999999999814 1
107.99999999999814 1
108.09999999999813 1
108.19999999999813 1
108.29999999999812 1
108.39999999999812 1
108.49999999999811 1
108.5999999999981 1
108.6999999999981 1
108.79999999999809 1
108.89999999999809 1
108.99999999999808 1
109.09999999999808 1
109.19999999999807 1
109.29999999999806 1
109.39999999999806 1
109.49999999999805 1
109.59999999999805 1
109.69999999999804 1
109.79999999999804 1
109.89999999999803 1
109.99999999999802 1
110.09999999999802 1
110.19999999999801 1
110.29999999999801 1
110.399999999998 1
110.499999999998 1
110.59999999999799 1
110.69999999999798 1
110.79999999999798 1
110.89999999999797 1
110.99999999999797 1
111.09999999999796 1
111.19999999999796 1
111.29999999999795 1
111.39999999999795 1
111.49999999999794 1
111.59999999999793 1
111.69999999999793 1
111.79999999999792 1
111.89999999999792 1
111.99999999999791 1
112.09999999999791 1
112.1999999999979 1
112.29999999999789 1
112.39999999999789 1
112.49999999999788 1
112.59999999999788 1
112.69999999999787 1
112.79999999999787 1
112.89999999999786 1
112.99999999999785 1
113.09999999999785 1
113.19999999999784 1
113.29999999999784 1
113.39999999999783 1
113.49999999999783 1
113.59999999999782 1
113.69999999999781 1
113.79999999999781 1
113.8999999999978 1
113.9999999999978 1
114.09999999999779 1
114.19999999999779 1
114.29999999999778 1
114.39999999999777 1
114.49999999999777 1
114.59999999999776 1
114.69999999999776 1
114.79999999999775 1
114.89999999999775 1
114.99999999999774 1
115.09999999999773 1
115.19999999999773 1
115.29999999999772 1
115.39999999999772 1
115.49999999999771 1
115.59999999999771 1
115.6999999999977 1
115.79999999999769 1
115.89999999999769 1
115.99999999999768 1
116.09999999999768 1
116.19999999999767 1
116.29999999999767 1
116.39999999999766 1
116.49999999999766 1
116.59999999999765 1
116.69999999999764 1
116.79999999999764 1
116.89999999999763 1
116.99999999999763 1
117.09999999999762 1
117.19999999999762 1
117.29999999999761 1
117.3999999999976 1
117.4999999999976 1
117.59999999999759 1
117.69999999999759 1
117.79999999999758 1
117.89999999999758 1
117.99999999999757 1
118.09999999999756 1
118.19999999999756 1
118.29999999999755 1
118.39999999999755 1
118.49999999999754 1
118.59999999999754 1
118.69999999999753 1
118.79999999999752 1
118.89999999999752 1
118.99999999999751 1
119.09999999999751 1
119.1999999999975 1
119.2999999999975 1
119.39999999999749 1
119.49999999999748 1
119.59999999999748 1
119.69999999999747 1
119.79999999999747 1
119.89999999999746 1
119.99999999999746 1
120.09999999999745 1
120.19999999999744 1
120.29999999999744 1
120.39999999999743 1
120.49999999999743 1
120.59999999999742 1
120.69999999999742 1
120.79999999999741 1
120.89999999999741 1
120.9999999999974 1
121.09999999999739 1
121.19999999999739 1
121.29999999999738 1
121.39999999999738 1
121.49999999999737 1
121.59999999999737 1
121.69999999999736 1
121.79999999999735 1
121.89999999999735 1
121.99999999999734 1
122.09999999999734 1
122.19999999999733 1
122.29999999999733 1
122.39999999999732 1
122.49999999999731 1
122.59999999999731 1
122.6999999999973 1
122.7999999999973 1
122.89999999999729 1
122.99999999999729 1
123.09999999999728 1
123.19999999999727 1
123.29999999999727 1
123.39999999999726 1
123.49999999999726 1
123.59999999999725 1
123.69999999999725 1
123.79999999999724 1
123.89999999999723 1
123.99999999999723 1
124.09999999999722 1
124.19999999999722 1
124.29999999999721 1
124.39999999999721 1
124.4999999999972 1
124.59999999999719 1
124.69999999999719 1
124.79999999999718 1
124.89999999999718 1
124.99999999999717 1
